#start#
[(0, 0), (50, 0), (50, 100), (0, 100)]
(-25, -25)
0
0
#654321
N
#end#
#start#
[(0, 0), (10, 0), (10, 30), (0, 30)]
(-36, -20)
0
0
#000000
L
#end#
#start#
[(0, 0), (10, 0), (10, 30), (0, 30)]
(26, -20)
0
0
#000000
R
#end#
#start#
[(0, 0), (10, 0), (10, 30), (0, 30)]
(-36, 35)
0
0
#000000
L
#end#
#start#
[(0, 0), (10, 0), (10, 30), (0, 30)]
(26, 35)
0
0
#000000
R
#end#
#start#
[(0, 0), (50, 0), (50, 6), (0, 6)]
(-25, -35)
1
2
#ffff00
N
#end#
#start#
[(0, 0), (6, 0), (6, 40), (0, 40)]
(-3, -65)
1
3
#000000
N
#end#
